1698664063346 0.31288138031959534 0
1698664063348 0.3013603389263153 1
1698664063349 0.28983935713768005 2
1698664063350 0.2783183455467224 3
1698664063351 0.26679736375808716 4
1698664063353 0.2552763521671295 5
1698664063354 0.24375534057617188 6
1698664063356 0.23223432898521423 7
1698664063357 0.22071333229541779 8
1698664063358 0.20919232070446014 9
1698664063359 0.1976713240146637 10
1698664063360 0.18615034222602844 11
1698664063361 0.1746293306350708 12
1698664063362 0.16310831904411316 13
1698664063364 0.1515873372554779 14
1698664063365 0.14006635546684265 15
1698664063367 0.1285453587770462 16
1698664063369 0.11702437698841095 17
1698664063370 0.1060912236571312 18
1698664063372 0.09681284427642822 19
1698664063373 0.08908725529909134 20
1698664063374 0.08227583020925522 21
1698664063375 0.07638873159885406 22
1698664063376 0.07160007208585739 23
1698664063377 0.06747635453939438 24
1698664063378 0.06395438313484192 25
1698664063379 0.06097004935145378 26
1698664063381 0.05845819041132927 27
1698664063382 0.05635259300470352 28
1698664063384 0.0545857772231102 29
1698664063385 0.053148526698350906 30
1698664063386 0.05181945487856865 31
1698664063387 0.05069301277399063 32
1698664063388 0.0498228520154953 33
1698664063389 0.04895269125699997 34
1698664063391 0.04819351062178612 35
1698664063392 0.047531817108392715 36
1698664063393 0.04692792519927025 37
1698664063394 0.04642331600189209 38
1698664063395 0.04591871052980423 39
1698664063396 0.04543796554207802 40
1698664063397 0.04503796249628067 41
1698664063398 0.04463795945048332 42
1698664063400 0.04423796385526657 43
1698664063401 0.04383796453475952 44
1698664063402 0.04343796148896217 45
1698664063404 0.043074630200862885 46
1698664063405 0.04272563382983208 47
1698664063406 0.04237663000822067 48
1698664063407 0.04202762991189957 49
1698664063408 0.04167863354086876 50
1698664063410 0.04132963344454765 51
1698664063411 0.04098063334822655 52
1698664063412 0.04063162952661514 53
1698664063413 0.040282636880874634 54
1698664063414 0.039933640509843826 55
1698664063416 0.03958464413881302 56
1698664063418 0.03923564404249191 57
1698664063419 0.03888664394617081 58
1698664063421 0.0385376438498497 59
1698664063422 0.03818932920694351 60
1698664063424 0.03785243630409241 61
1698664063425 0.0375034399330616 62
1698664063426 0.037164121866226196 63
1698664063428 0.03681822493672371 64
1698664063429 0.03647511452436447 65
1698664063430 0.03613303601741791 66
1698664063431 0.03578609973192215 67
1698664063433 0.03544783592224121 68
1698664063434 0.035098835825920105 69
1698664063435 0.03476089984178543 70
1698664063436 0.03441363573074341 71
1698664063437 0.03407188132405281 72
1698664063438 0.03372843936085701 73
1698664063439 0.03338287025690079 74
1698664063440 0.033043231815099716 75
1698664063441 0.03269423171877861 76
1698664063442 0.032357655465602875 77
1698664063443 0.03200903534889221 78
1698664063445 0.03166864812374115 79
1698664063446 0.03132382780313492 80
1698664063447 0.030979642644524574 81
1698664063448 0.030638623982667923 82
1698664063449 0.0302906334400177 83
1698664063451 0.029953425750136375 84
1698664063452 0.02960442565381527 85
1698664063453 0.029265418648719788 86
1698664063454 0.028919223695993423 87
1698664063455 0.028576409444212914 88
1698664063456 0.028234025463461876 89
1698664063458 0.02788739837706089 90
1698664063459 0.02754882536828518 91
1698664063460 0.027199819684028625 92
1698664063461 0.026862185448408127 93
1698664063462 0.02651461586356163 94
1698664063463 0.026173178106546402 95
1698664063464 0.025829419493675232 96
1698664063467 0.02548416517674923 97
1698664063468 0.025144213810563087 98
1698664063469 0.02479521557688713 99
