1698330166132 0.31288138031959534 0
1698330166133 0.3013603389263153 1
1698330166135 0.28983935713768005 2
1698330166136 0.2783183455467224 3
1698330166137 0.26679736375808716 4
1698330166139 0.2552763521671295 5
1698330166140 0.24375534057617188 6
1698330166141 0.23223432898521423 7
1698330166143 0.22071333229541779 8
1698330166144 0.20919232070446014 9
1698330166146 0.1976713240146637 10
1698330166147 0.18615034222602844 11
1698330166149 0.1746293306350708 12
1698330166150 0.16310831904411316 13
1698330166152 0.1515873372554779 14
1698330166154 0.14006635546684265 15
1698330166157 0.1285453587770462 16
1698330166159 0.11702437698841095 17
1698330166160 0.1060912236571312 18
1698330166162 0.09681284427642822 19
1698330166163 0.08908725529909134 20
1698330166165 0.08227583020925522 21
1698330166167 0.07638873159885406 22
1698330166168 0.07160007208585739 23
1698330166169 0.06747635453939438 24
1698330166171 0.06395438313484192 25
1698330166172 0.06097004935145378 26
1698330166173 0.05845819041132927 27
1698330166175 0.05635259300470352 28
1698330166178 0.0545857772231102 29
1698330166180 0.053148526698350906 30
1698330166181 0.05181945487856865 31
1698330166183 0.05069301277399063 32
1698330166185 0.0498228520154953 33
1698330166186 0.04895269125699997 34
1698330166188 0.04819351062178612 35
1698330166189 0.047531817108392715 36
1698330166190 0.04692792519927025 37
1698330166191 0.04642331600189209 38
1698330166193 0.04591871052980423 39
1698330166196 0.04543796554207802 40
1698330166197 0.04503796249628067 41
1698330166199 0.04463795945048332 42
1698330166200 0.04423796385526657 43
1698330166202 0.04383796453475952 44
1698330166203 0.04343796148896217 45
1698330166205 0.043074630200862885 46
1698330166206 0.04272563382983208 47
1698330166207 0.04237663000822067 48
1698330166208 0.04202762991189957 49
1698330166211 0.04167863354086876 50
1698330166213 0.04132963344454765 51
1698330166214 0.04098063334822655 52
1698330166216 0.04063162952661514 53
1698330166217 0.040282636880874634 54
1698330166218 0.039933640509843826 55
1698330166219 0.03958464413881302 56
1698330166220 0.03923564404249191 57
1698330166222 0.03888664394617081 58
1698330166223 0.0385376438498497 59
1698330166224 0.03818932920694351 60
1698330166226 0.03785243630409241 61
1698330166229 0.0375034399330616 62
1698330166231 0.037164121866226196 63
1698330166233 0.03681822493672371 64
1698330166234 0.03647511452436447 65
1698330166236 0.03613303601741791 66
1698330166237 0.03578609973192215 67
1698330166239 0.03544783592224121 68
1698330166240 0.035098835825920105 69
1698330166242 0.03476089984178543 70
1698330166245 0.03441363573074341 71
1698330166247 0.03407188132405281 72
1698330166248 0.03372843936085701 73
1698330166250 0.03338287025690079 74
1698330166251 0.033043231815099716 75
1698330166253 0.03269423171877861 76
1698330166254 0.032357655465602875 77
1698330166255 0.03200903534889221 78
1698330166256 0.03166864812374115 79
1698330166258 0.03132382780313492 80
1698330166259 0.030979642644524574 81
1698330166262 0.030638623982667923 82
1698330166264 0.0302906334400177 83
1698330166265 0.029953425750136375 84
1698330166267 0.02960442565381527 85
1698330166268 0.029265418648719788 86
1698330166269 0.028919223695993423 87
1698330166270 0.028576409444212914 88
1698330166271 0.028234025463461876 89
1698330166272 0.02788739837706089 90
1698330166274 0.02754882536828518 91
1698330166275 0.027199819684028625 92
1698330166276 0.026862185448408127 93
1698330166279 0.02651461586356163 94
1698330166281 0.026173178106546402 95
1698330166282 0.025829419493675232 96
1698330166284 0.02548416517674923 97
1698330166286 0.025144213810563087 98
1698330166287 0.02479521557688713 99
