1698333458149 0.31288138031959534 0
1698333458151 0.3013603389263153 1
1698333458153 0.28983935713768005 2
1698333458154 0.2783183455467224 3
1698333458155 0.26679736375808716 4
1698333458157 0.2552763521671295 5
1698333458158 0.24375534057617188 6
1698333458160 0.23223432898521423 7
1698333458161 0.22071333229541779 8
1698333458163 0.20919232070446014 9
1698333458164 0.1976713240146637 10
1698333458166 0.18615034222602844 11
1698333458168 0.1746293306350708 12
1698333458170 0.16310831904411316 13
1698333458171 0.1515873372554779 14
1698333458172 0.14006635546684265 15
1698333458174 0.1285453587770462 16
1698333458175 0.11702437698841095 17
1698333458177 0.1060912236571312 18
1698333458178 0.09681284427642822 19
1698333458181 0.08908725529909134 20
1698333458183 0.08227583020925522 21
1698333458184 0.07638873159885406 22
1698333458186 0.07160007208585739 23
1698333458187 0.06747635453939438 24
1698333458188 0.06395438313484192 25
1698333458190 0.06097004935145378 26
1698333458191 0.05845819041132927 27
1698333458193 0.05635259300470352 28
1698333458194 0.0545857772231102 29
1698333458196 0.053148526698350906 30
1698333458198 0.05181945487856865 31
1698333458199 0.05069301277399063 32
1698333458201 0.0498228520154953 33
1698333458202 0.04895269125699997 34
1698333458204 0.04819351062178612 35
1698333458205 0.047531817108392715 36
1698333458207 0.04692792519927025 37
1698333458208 0.04642331600189209 38
1698333458209 0.04591871052980423 39
1698333458211 0.04543796554207802 40
1698333458213 0.04503796249628067 41
1698333458215 0.04463795945048332 42
1698333458216 0.04423796385526657 43
1698333458218 0.04383796453475952 44
1698333458219 0.04343796148896217 45
1698333458221 0.043074630200862885 46
1698333458222 0.04272563382983208 47
1698333458224 0.04237663000822067 48
1698333458225 0.04202762991189957 49
1698333458227 0.04167863354086876 50
1698333458228 0.04132963344454765 51
1698333458231 0.04098063334822655 52
1698333458232 0.04063162952661514 53
1698333458234 0.040282636880874634 54
1698333458235 0.039933640509843826 55
1698333458237 0.03958464413881302 56
1698333458238 0.03923564404249191 57
1698333458239 0.03888664394617081 58
1698333458240 0.0385376438498497 59
1698333458241 0.03818932920694351 60
1698333458243 0.03785243630409241 61
1698333458244 0.0375034399330616 62
1698333458246 0.037164121866226196 63
1698333458249 0.03681822493672371 64
1698333458250 0.03647511452436447 65
1698333458252 0.03613303601741791 66
1698333458253 0.03578609973192215 67
1698333458254 0.03544783592224121 68
1698333458255 0.035098835825920105 69
1698333458256 0.03476089984178543 70
1698333458257 0.03441363573074341 71
1698333458259 0.03407188132405281 72
1698333458260 0.03372843936085701 73
1698333458262 0.03338287025690079 74
1698333458264 0.033043231815099716 75
1698333458266 0.03269423171877861 76
1698333458268 0.032357655465602875 77
1698333458269 0.03200903534889221 78
1698333458271 0.03166864812374115 79
1698333458272 0.03132382780313492 80
1698333458274 0.030979642644524574 81
1698333458275 0.030638623982667923 82
1698333458277 0.0302906334400177 83
1698333458279 0.029953425750136375 84
1698333458280 0.02960442565381527 85
1698333458282 0.029265418648719788 86
1698333458284 0.028919223695993423 87
1698333458286 0.028576409444212914 88
1698333458287 0.028234025463461876 89
1698333458288 0.02788739837706089 90
1698333458289 0.02754882536828518 91
1698333458291 0.027199819684028625 92
1698333458292 0.026862185448408127 93
1698333458293 0.02651461586356163 94
1698333458295 0.026173178106546402 95
1698333458296 0.025829419493675232 96
1698333458299 0.02548416517674923 97
1698333458300 0.025144213810563087 98
1698333458302 0.02479521557688713 99
